567 276 288.435
566.5 276 289.799
566.5 277 295.56
566.5 277 295.56
566.5 277 295.56
566.5 277 295.56
566.5 277 295.56
566.5 277 295.56
566.5 277 295.56
566.5 277 295.56
566.5 277 295.56
567 275.5 285.642
568 275.5 285.642
568 275.5 285.642
567 275.5 285.642
567 275.5 285.642
567 275 282.995
567 275 282.995
567.5 275 281.31
567.5 275 281.31
567 275 282.995
567 275 282.995
567 275 282.995
567.5 275.5 292.62
567.5 276 289.799
567.5 276 289.799
567.5 275.5 287.103
567.5 275.5 287.103
567.5 275.5 287.103
567.5 275.5 287.103
567.5 275.5 287.103
567.5 275.5 287.103
567.5 275.5 287.103
567.5 275.5 287.103
567.5 275.5 287.103
568 275 282.995
568 275 282.995
568 275 282.995
568 275 282.995
568 275 282.995
568 275 282.995
568 275 282.995
568 275 282.995
568 275 282.995
568 275 282.995
567.5 275 284.534
568 275.5 285.642
567.5 275.5 287.103
567 275.5 285.642
567 275.5 285.642
568 275.5 285.642
567 275.5 285.642
567 275.5 285.642
567 275.5 285.642
567 275.5 285.642
567 275.5 285.642
567 275.5 285.642
567 275.5 285.642
567 275.5 285.642
567 275 282.995
567 275 282.995
567 275 282.995
567 275 282.995
567 275 282.995
567 275 282.995
567 275 282.995
567 275 282.995
567 275 282.995
567 275 282.995
567 275 282.995
567 275 282.995
567 275 282.995
567.5 275 281.31
567.5 275 281.31
567 275.5 285.642
568 275.5 285.642
567 275.5 285.642
568 275.5 285.642
567 275.5 285.642
567 275.5 285.642
567 275.5 285.642
567 275.5 285.642
567 275.5 285.642
567.5 275 281.31
567.5 275 281.31
567.5 275 281.31
567.5 275 281.31
567.5 275 281.31
568 275 282.995
568 275 282.995
568 275 282.995
568 275 282.995
568 275 282.995
568 275 282.995
568 275 282.995
567 275.5 285.642
567 275.5 285.642
567 275.5 285.642
567 275.5 285.642
567 275.5 285.642
567 275.5 285.642
567 275.5 285.642
567 275.5 285.642
567 275.5 285.642
567 275.5 285.642
567 275.5 285.642
567 275.5 285.642
567 275.5 285.642
567 275.5 285.642
567 275.5 285.642
568 275.5 285.642
567 275.5 285.642
567 275.5 285.642
567 275.5 285.642
567 275.5 285.642
567 275.5 285.642
567 275.5 285.642
567 275.5 285.642
567 275.5 285.642
567 275 282.995
567 275 282.995
567 275 282.995
567 275 282.995
567 275 282.995
567 275 282.995
567 275.5 285.642
567 275.5 285.642
567 275.5 285.642
567 275 282.995
567 275.5 285.642
568 275.5 285.642
568 275.5 285.642
568 275.5 285.642
568 275.5 285.642
568 275.5 285.642
568 275.5 285.642
568 275.5 285.642
568 275.5 285.642
568 275.5 285.642
568 275.5 285.642
568 275.5 285.642
568 275.5 285.642
568 275.5 285.642
567.5 275.5 287.103
567.5 275.5 287.103
567 275.5 285.642
567 275.5 285.642
567 275.5 285.642
567 275.5 285.642
567 275.5 285.642
567 275 282.995
567 275.5 285.642
567 275.5 285.642
567 275.5 285.642
567 275.5 285.642
567 275.5 285.642
567 275.5 285.642
567 275.5 285.642
567 275.5 285.642
567 275.5 285.642
567 275.5 285.642
568 275.5 285.642
568 275.5 285.642
568 275.5 285.642
568 275.5 285.642
568 275.5 285.642
567 276 288.435
568 276 288.435
568 276 288.435
568 276 288.435
568 275.5 285.642
568 275 282.995
568 275.5 285.642
568 275.5 285.642
568 275.5 285.642
568 275.5 285.642
568 275.5 285.642
568 275.5 285.642
568 275.5 285.642
568 275 282.995
568 275 282.995
568 275 282.995
568 275 282.995
568 275 282.995
568 275 282.995
568 275 282.995
567 275 282.995
568 275 282.995
567 275.5 285.642
567 275.5 285.642
567 275.5 285.642
565.5 276 289.799
567 275.5 285.642
567 275.5 285.642
567 275.5 285.642
567 275.5 285.642
567 275.5 285.642
567 276 288.435
567 276 288.435
568 276 288.435
568 276 288.435
568 276 288.435
568 276 288.435
567.5 275.5 287.103
567.5 275 289.799
567.5 275 289.799
567.5 275.5 287.103
566 276 291.038
566 276 291.038
566 275.5 293.749
566 275.5 293.749
566 275.5 293.749
566 275.5 293.749
566 275.5 293.749
567.5 275.5 287.103
567.5 275.5 287.103
565.5 276 295.56
565.5 276 295.56
567 276 288.435
568 275.5 285.642
568 275.5 285.642
568 276 288.435
568 276 288.435
568 276 288.435
568 275.5 285.642
568 276 288.435
568 275.5 285.642
566.5 275 289.799
566.5 275 289.799
566.5 275 289.799
566.5 275 289.799
566.5 275 289.799
566.5 275 289.799
566.5 275 289.799
566.5 275 289.799
566.5 275.5 287.103
566.5 275.5 287.103
566.5 275.5 287.103
567 275 282.995
567 275.5 291.371
567 276 288.435
567 276 288.435
567 276.5 291.371
567 276 294.444
566.5 276.5 298.61
566.5 275.5 292.62
567 276 294.444
567 276 294.444
566.5 275.5 292.62
566.5 276 289.799
566.5 276 289.799
566.5 275.5 287.103
566.5 276.5 292.62
566.5 276.5 292.62
567 275.5 285.642
567.5 276 286.928
567 276 288.435
567.5 276 286.928
567.5 276 286.928
567.5 275 281.31
567.5 275 281.31
567.5 275.5 284.036
567.5 275.5 284.036
566.5 275 289.799
566.5 276 295.56
566.5 275 289.799
566.5 274.5 287.103
566.5 275 289.799
566.5 276 295.56
566.5 276 295.56
566.5 275.5 292.62
566 276 288.435
566 276 294.444
566 276 294.444
566 276 294.444
567 275.5 291.371
567 275.5 285.642
567.5 275.5 287.103
567.5 275.5 287.103
567.5 275.5 287.103
567.5 275.5 287.103
567.5 275.5 287.103
567.5 275.5 287.103
567.5 276 289.799
567.5 275.5 287.103
567.5 275.5 287.103
567.5 276 289.799
568 274.5 280.491
567.5 275 281.31
567 275.5 285.642
564 276.5 285.642
564 276 282.995
562 278 288.435
562 278 288.435
557 280.5 291.371
556 280.5 282.265
549 282.5 280.491
545.5 283.5 278.746
541.5 284.5 274.086
535.5 285 267.879
531 287.5 276.843
526.5 287.5 278.746
518.5 287.5 270
514.5 288 272.291
510 288.5 276.843
502.5 289.5 274.764
496.5 290 281.31
491.5 290.5 278.746
482 293 282.995
477 295 282.995
473 296.5 280.491
463 300 282.995
458.5 301.5 278.746
454.5 302.5 278.746
444 306 274.399
437.5 306.5 278.746
432 309 282.995
404.5 316 281.31
399 318 282.995
394 319.5 280.491
382.5 324 281.31
377 325 282.995
372.5 326.5 278.746
361 331 282.995
355 333 282.995
348 335 282.995
338.5 339.5 284.036
333.5 340.5 278.746
328 341.5 280.491
317 343.5 275.906
311 345.5 280.491
307 346.5 276.843
296.5 350 281.31
289 350.5 275.906
284.5 352.5 278.746
273.5 354.5 274.086
269 355.5 272.121
263 355 270
252.5 355 267.879
248 354 265.601
243.5 352.5 261.254
233 352 257.005
228 352.5 258.69
221.5 351.5 261.254
221.5 351.5 261.254
221.5 351.5 261.254
221.5 351.5 261.254
194 344 245.556
190.5 343.5 243.435
184.5 340 242.354
171 333 251.565
167.5 330.5 235.008
163 328.5 238.241
156.5 324 228.576
154 321 218.66
152 317.5 211.759
146 312 217.875
145 309.5 203.199
145 309.5 203.199
145 309.5 203.199
145 309.5 203.199
136.5 289.5 206.565
134 272 184.399
134 267.5 186.34
135.5 263.5 175.914
135 256.5 173.157
135 252 171.87
135 249 167.005
136 242.5 158.629
137 238 161.565
138.5 235 156.801
142 228 153.435
142.5 223 163.072
144 221 155.556
148.5 213.5 151.39
151.5 210 154.44
153 207.5 152.354
157 199.5 152.354
159 196 149.036
163 193 141.34
168.5 186.5 138.013
171.5 183 135
174.5 180.5 138.013
179 174.5 124.38
184 172.5 119.476
194.5 163.5 126.027
203.5 154.5 118.61
207.5 152.5 112.62
211 150 114.444
211 150 114.444
224 139.5 119.476
227.5 137.5 118.61
240 130.5 113.749
243 128 116.565
248 126 116.565
248 126 116.565
260 119 116.565
264.5 116 115.56
274 111.5 119.476
278.5 109.5 114.775
283 107 116.565
292 102 120.964
296 100 114.444
301 98 114.444
311 95 108.435
315.5 92.5 112.62
315.5 92.5 112.62
330 90.5 95.906
330 90.5 95.906
340 87 99.462
350.5 84 106.928
354.5 82.5 104.036
360.5 81.5 107.103
369 81.5 96.843
374 81 94.399
379 81 94.399
388 80 90
412 83 80.538
416.5 84 83.157
421 84.5 78.69
430.5 86 77.735
435.5 87.5 75.964
440.5 89.5 72.897
449 91.5 70.201
453.5 94 74.358
458.5 94.5 75.964
466.5 98 62.354
471 99 65.556
476.5 101 74.358
484.5 106 66.251
487.5 108.5 55.008
491.5 110.5 55.008
498.5 114.5 48.366
502.5 118 48.18
505.5 120 41.424
512.5 127 41.424
515.5 130.5 41.634
517.5 134 41.424
521.5 141 34.38
524 144 30.964
526.5 147.5 26.565
526.5 147.5 26.565
536.5 160 34.38
537 163 12.995
541 170.5 16.928
542.5 174 12.265
543 177 9.462
542.5 184.5 0
543 188 355.601
543 191.5 353.157
542 198.5 353.157
541 201 347.005
539.5 204.5 342.897
537.5 212.5 342.897
537 216.5 344.358
538 218.5 338.629
535 225.5 332.354
532.5 227.5 325.008
531.5 230 315
527.5 236.5 318.366
525.5 238 315
523 241 308.66
518 245 308.66
515.5 248 301.759
512.5 249.5 298.61
507 255.5 299.476
504.5 257.5 298.61
500 260 300.964
494.5 265 301.759
491.5 266.5 292.62
490 268.5 291.371
482.5 272 289.799
479 274 288.435
475 276.5 291.371
468.5 279.5 284.036
464 280.5 280.491
460 282.5 285.642
452 285.5 285.642
447.5 286 281.31
443.5 287 276.34
436 289 274.399
431.5 290.5 274.086
425.5 292.5 284.036
416.5 293 276.34
412.5 295 281.31
408.5 294 271.975
401 295.5 267.709
391.5 295 267.879
386.5 296 267.879
382.5 296 267.879
373.5 294.5 261.254
367.5 295 267.879
363.5 294.5 265.914
354 294.5 272.121
350 294.5 267.709
346 293.5 263.66
335.5 293 267.879
331 292.5 263.66
326.5 290.5 261.254
316.5 289.5 261.254
312 288.5 263.66
308 286.5 258.69
299.5 284.5 255.964
295 282 251.565
290 281 251.565
280.5 278.5 255.964
277.5 277.5 243.435
272.5 275 242.354
264 270.5 238.241
259 267.5 244.44
255 266 245.556
246.5 261.5 241.39
243.5 258.5 228.366
239 255.5 231.71
234 249.5 218.29
231.5 246 214.38
229.5 244.5 199.983
225.5 239 186.843
224 236.5 173.157
223.5 233.5 165.964
223 230 147.529
222.5 227.5 143.973
222.5 227.5 131.987
225.5 225.5 131.987
224 224.5 131.82
225 223.5 131.82
226.5 222.5 131.987
228.5 221 128.991
229.5 221 123.111
233.5 218 123.111
234.5 217 123.111
236 215 122.471
239.5 212.5 118.61
242 212 116.565
244 210.5 113.749
248 209.5 102.265
251.5 207.5 109.983
255 205.5 111.371
262.5 204 115.56
264.5 203 109.799
268.5 201.5 112.62
275 199.5 111.371
278.5 198.5 104.036
283 196 108.435
290.5 192.5 107.103
295.5 191 109.799
299.5 190 109.799
307 188.5 100.491
311.5 186.5 107.103
316.5 185 104.534
324.5 184 104.534
329.5 182.5 98.746
334.5 181 104.534
344 181 98.13
348 178 102.995
352.5 176.5 104.036
363.5 175.5 107.103
366.5 173.5 104.036
371 174 94.399
382.5 171 101.31
388 170 102.995
393.5 167 109.799
404 163.5 119.476
410 161 122.471
415 158.5 125.538
423.5 153 135
426 148.5 144.462
429 145 147.529
433 139 158.962
435.5 136.5 165.964
437 131 180
438.5 124 201.371
438.5 120 214.38
441 118 204.444
439.5 112 228.576
438 111.5 238.241
437 111 239.036
435 110 245.556
434 110 245.556
431.5 109 254.358
429.5 108 254.358
429 106.5 244.44
428 106 239.036
424.5 105 242.354
422 103.5 244.44
420 103 245.556
417 101 239.036
412.5 101 254.358
410.5 100 259.509
405 100.5 263.66
401.5 100.5 265.914
398 99.5 268.025
393.5 99.5 265.914
390 99.5 263.66
386.5 100 267.879
372 99.5 263.66
368 98.5 263.66
363 99 270
356 99 270
352 99 270
347 100 270
320.5 104.5 274.086
315 107.5 285.642
315 107.5 285.642
302 109.5 280.491
302 109.5 280.491
293 114 285.255
293 114 285.255
276 114.5 275.906
272 115.5 280.491
262 117 278.13
256 119.5 280.491
256 119.5 280.491
256 119.5 280.491
256 119.5 280.491
256 119.5 280.491
256 119.5 280.491
256 119.5 280.491
211.5 135 295.56
200.5 140 301.759
200.5 140 301.759
200.5 140 301.759
188.5 152.5 318.366
186.5 158 329.931
183.5 162.5 325.008
183.5 162.5 325.008
183.5 162.5 325.008
183.5 162.5 325.008
183.5 162.5 325.008
183.5 162.5 325.008
167 207.5 344.358
166.5 215.5 355.914
168.5 220 12.265
168.5 220 12.265
172.5 232.5 26.565
172.5 232.5 26.565
172.5 232.5 26.565
180 246.5 37.405
181 249 29.055
184 253 30.964
188.5 260 34.38
192 263.5 31.759
195 267 38.66
201.5 271 48.576
206.5 274.5 67.38
206.5 274.5 67.38
206.5 274.5 67.38
219 283.5 64.44
223.5 285 68.629
223.5 285 68.629
235 291 71.565
235 291 71.565
246.5 295 68.629
251 295.5 73.072
255.5 296 71.565
264 298 71.565
